[Connect DataFile][1.1]
Date:,3/13/2026
Time:,13:11:03.392
Unit:,ḞC
Resolution:,0.05
Values:,3
Time,Area 1,Area 2,Area 3,
00:00:00.000,25.9,25.9,26.0,
00:00:00.050,26.4,26.4,26.4,
00:00:00.100,28.2,28.2,28.2,
00:00:00.150,28.2,28.2,28.3,
00:00:00.200,28.2,28.2,28.2,
00:00:00.250,28.2,28.2,28.2,
00:00:00.300,28.3,28.3,28.3,
00:00:00.350,28.2,28.2,28.2,
00:00:00.400,28.2,28.2,28.3,
00:00:00.450,28.1,28.2,28.2,
00:00:00.500,28.0,28.0,28.0,
00:00:00.550,28.0,28.0,28.0,
00:00:00.600,27.9,28.0,28.0,
00:00:00.650,28.0,28.0,28.0,
00:00:00.700,28.1,28.1,28.1,
00:00:00.750,28.0,28.0,28.0,
00:00:00.800,28.1,28.1,28.1,
00:00:00.850,28.1,28.1,28.1,
00:00:00.900,28.0,28.0,28.0,
00:00:00.950,28.0,28.0,28.0,
00:00:01.000,28.0,28.1,28.1,
00:00:01.050,28.0,28.0,28.1,
00:00:01.100,28.0,28.0,28.0,
00:00:01.150,28.0,28.0,28.0,
00:00:01.200,28.0,28.0,28.0,
00:00:01.250,27.9,27.9,27.9,
00:00:01.300,28.0,28.0,28.0,
00:00:01.350,28.0,28.0,28.0,
00:00:01.400,28.1,28.1,28.1,
00:00:01.450,28.0,28.0,28.0,
00:00:01.500,28.0,28.0,28.0,
00:00:01.550,28.0,28.0,28.0,
00:00:01.600,27.8,28.0,28.0,
00:00:01.650,27.8,28.0,28.0,
00:00:01.700,27.8,27.9,27.9,
00:00:01.750,27.8,27.8,27.8,
00:00:01.800,27.8,27.9,27.9,
00:00:01.850,28.0,28.0,28.0,
00:00:01.900,27.9,28.0,28.0,
00:00:01.950,27.9,28.0,28.0,
00:00:02.000,27.7,27.8,27.9,
00:00:02.050,27.8,27.8,27.8,
00:00:02.100,27.9,27.9,27.9,
00:00:02.150,27.9,27.9,27.9,
00:00:02.200,27.9,27.9,27.9,
00:00:02.250,27.8,27.9,27.9,
00:00:02.300,27.9,27.9,27.9,
00:00:02.350,27.9,27.9,27.9,
00:00:02.400,27.8,27.8,27.8,
00:00:02.450,27.8,27.8,27.8,
00:00:02.500,27.8,27.8,27.8,
00:00:02.550,27.7,27.7,27.7,
00:00:02.600,27.7,27.7,27.7,
00:00:02.650,27.7,27.7,27.7,
00:00:02.700,27.7,27.9,27.9,
00:00:02.750,27.7,27.7,27.7,
00:00:02.800,27.7,27.7,27.7,
00:00:02.850,27.8,27.8,27.8,
00:00:02.900,27.9,27.9,27.9,
00:00:02.950,27.7,27.7,27.7,
00:00:03.000,27.7,27.7,27.7,
00:00:03.050,27.7,27.7,27.7,
00:00:03.100,27.6,27.6,27.6,
00:00:03.150,27.7,27.7,27.7,
00:00:03.200,27.6,27.7,27.7,
00:00:03.250,27.6,27.6,27.6,
00:00:03.300,27.6,27.6,27.6,
00:00:03.350,27.6,27.6,27.6,
00:00:03.400,27.6,27.6,27.6,
00:00:03.450,27.5,27.5,27.5,
00:00:03.500,27.6,27.6,27.6,
00:00:03.550,27.6,27.6,27.6,
00:00:03.600,42.8,42.8,42.8,
00:00:03.650,57.9,57.9,57.9,
00:00:03.700,335.8,335.8,335.8,
00:00:03.750,276.7,276.7,276.7,
00:00:03.800,261.6,261.6,261.6,
00:00:03.850,257.6,257.6,257.6,
00:00:03.900,235.5,235.5,235.5,
00:00:03.950,237.9,237.9,237.9,
00:00:04.000,256.3,256.3,256.3,
00:00:04.050,256.3,256.3,256.3,
00:00:04.100,123.1,123.1,123.1,
00:00:04.150,100.6,100.6,100.6,
00:00:04.200,93.7,93.7,93.7,
00:00:04.250,86.8,86.8,86.8,
00:00:04.300,86.8,86.8,86.8,
00:00:04.350,80.0,80.0,80.0,
00:00:04.400,77.6,77.6,77.6,
00:00:04.450,75.6,75.6,75.6,
00:00:04.500,73.5,73.5,73.5,
00:00:04.550,73.5,73.5,73.5,
00:00:04.600,70.4,70.4,70.4,
00:00:04.650,68.9,68.9,68.9,
00:00:04.700,67.7,67.7,67.7,
00:00:04.750,66.4,66.4,66.4,
00:00:04.800,65.4,65.4,65.4,
00:00:04.850,64.4,64.4,64.4,
00:00:04.900,63.5,63.5,63.5,
00:00:04.950,62.6,62.6,62.6,
00:00:05.000,61.6,61.6,61.6,
00:00:05.050,61.1,61.1,61.1,
00:00:05.100,60.4,60.4,60.4,
00:00:05.150,59.4,59.4,59.4,
00:00:05.200,58.8,58.8,58.8,
00:00:05.250,58.2,58.2,58.2,
00:00:05.300,57.8,57.8,57.8,
00:00:05.350,57.3,57.3,57.3,
00:00:05.400,56.5,56.5,56.5,
00:00:05.450,56.1,56.1,56.1,
00:00:05.500,55.4,55.4,55.4,
00:00:05.550,55.1,55.1,55.1,
00:00:05.600,54.7,54.7,54.7,
00:00:05.650,54.0,54.0,54.0,
00:00:05.700,53.7,53.7,53.7,
00:00:05.750,53.3,53.3,53.3,
00:00:05.800,52.9,52.9,52.9,
00:00:05.850,52.8,52.8,52.8,
00:00:05.900,52.2,52.2,52.2,
00:00:05.950,51.9,51.9,51.9,
00:00:06.000,51.8,51.8,51.8,
00:00:06.050,51.4,51.4,51.4,
00:00:06.100,51.1,51.1,51.1,
00:00:06.150,50.7,50.7,50.7,
00:00:06.200,50.5,50.5,50.5,
00:00:06.250,50.0,50.0,50.0,
00:00:06.300,49.6,49.6,49.6,
00:00:06.350,49.6,49.6,49.6,
00:00:06.400,49.1,49.1,49.1,
00:00:06.450,49.0,49.0,49.0,
00:00:06.500,48.7,48.7,48.7,
00:00:06.550,48.4,48.4,48.4,
00:00:06.600,48.4,48.4,48.4,
00:00:06.650,48.0,48.0,48.0,
00:00:06.700,48.0,48.0,48.0,
00:00:06.750,47.8,47.8,47.8,
00:00:06.800,47.5,47.5,47.5,
00:00:06.850,47.2,47.2,47.2,
00:00:06.900,46.8,46.8,46.8,
00:00:06.950,46.9,46.9,46.9,
00:00:07.000,46.7,46.7,46.7,
00:00:07.050,46.5,46.5,46.5,
00:00:07.100,46.2,46.2,46.2,
00:00:07.150,46.0,46.0,46.0,
00:00:07.200,45.8,45.8,45.8,
00:00:07.250,45.7,45.7,45.7,
00:00:07.300,45.6,45.6,45.6,
00:00:07.350,45.2,45.2,45.2,
00:00:07.400,45.3,45.3,45.3,
00:00:07.450,45.0,45.0,45.0,
00:00:07.500,44.8,44.8,44.8,
00:00:07.550,44.8,44.8,44.8,
00:00:07.600,44.8,44.8,44.8,
00:00:07.650,44.7,44.7,44.7,
00:00:07.700,44.2,44.2,44.2,
00:00:07.750,44.3,44.3,44.3,
00:00:07.800,43.9,43.9,43.9,
00:00:07.850,43.9,43.9,43.9,
00:00:07.900,43.8,43.8,43.8,
00:00:07.950,43.8,43.8,43.8,
00:00:08.000,43.5,43.5,43.5,
00:00:08.050,43.4,43.4,43.4,
00:00:08.100,43.4,43.4,43.4,
00:00:08.150,43.3,43.3,43.3,
00:00:08.200,43.1,43.1,43.1,
00:00:08.250,42.8,42.8,42.8,
00:00:08.300,42.7,42.7,42.7,
00:00:08.350,42.7,42.7,42.7,
00:00:08.400,42.3,42.3,42.3,
00:00:08.450,42.3,42.3,42.3,
00:00:08.500,42.2,42.2,42.2,
00:00:08.550,42.0,42.0,42.0,
00:00:08.600,42.0,42.0,42.0,
00:00:08.650,42.0,42.0,42.0,
00:00:08.700,42.0,42.0,42.0,
00:00:08.750,41.8,41.8,41.8,
00:00:08.800,41.8,41.8,41.8,
00:00:08.850,41.8,41.8,41.8,
00:00:08.900,41.4,41.4,41.4,
00:00:08.950,41.6,41.6,41.6,
00:00:09.000,41.4,41.4,41.4,
00:00:09.050,41.4,41.4,41.4,
00:00:09.100,41.4,41.4,41.4,
00:00:09.150,41.1,41.1,41.1,
00:00:09.200,41.1,41.1,41.1,
00:00:09.250,40.7,40.7,40.7,
00:00:09.300,40.7,40.7,40.7,
00:00:09.350,40.7,40.7,40.7,
00:00:09.400,40.7,40.7,40.7,
00:00:09.450,40.5,40.5,40.5,
00:00:09.500,40.4,40.4,40.4,
00:00:09.550,40.2,40.2,40.2,
00:00:09.600,40.4,40.4,40.4,
00:00:09.650,40.0,40.0,40.0,
00:00:09.700,40.0,40.0,40.0,
00:00:09.750,39.9,39.9,39.9,
00:00:09.800,39.7,39.7,39.7,
00:00:09.850,39.9,39.9,39.9,
00:00:09.900,39.8,39.8,39.8,
00:00:09.950,39.8,39.8,39.8,
00:00:10.000,39.6,39.6,39.6,
00:00:10.050,39.6,39.6,39.6,
00:00:10.100,39.5,39.5,39.5,
00:00:10.150,39.6,39.6,39.6,
00:00:10.200,39.0,39.0,39.0,
00:00:10.250,39.1,39.1,39.1,
00:00:10.300,39.0,39.0,39.0,
00:00:10.350,39.2,39.2,39.2,
00:00:10.400,38.8,38.8,38.8,
00:00:10.450,38.8,38.8,38.8,
00:00:10.500,38.8,38.8,38.8,
00:00:10.550,38.8,38.8,38.8,
00:00:10.600,38.8,38.8,38.8,
00:00:10.650,38.9,38.9,38.9,
00:00:10.700,38.6,38.6,38.6,
00:00:10.750,38.5,38.5,38.5,
00:00:10.800,38.5,38.5,38.5,
00:00:10.850,38.3,38.3,38.3,
00:00:10.900,38.5,38.5,38.5,
00:00:10.950,38.3,38.3,38.3,
00:00:11.000,38.4,38.4,38.4,
00:00:11.050,38.1,38.1,38.1,
00:00:11.100,38.1,38.1,38.1,
00:00:11.150,38.2,38.2,38.2,
00:00:11.200,38.0,38.0,38.0,
00:00:11.250,37.9,37.9,37.9,
00:00:11.300,37.7,37.7,37.7,
00:00:11.350,37.9,37.9,37.9,
00:00:11.400,37.9,37.9,37.9,
00:00:11.450,38.0,38.0,38.0,
00:00:11.500,37.7,37.7,37.7,
00:00:11.550,37.7,37.7,37.7,
00:00:11.600,37.5,37.5,37.5,
00:00:11.650,37.7,37.7,37.7,
00:00:11.700,37.4,37.4,37.4,
00:00:11.750,37.3,37.3,37.3,
00:00:11.800,37.3,37.3,37.3,
00:00:11.850,37.1,37.1,37.1,
00:00:11.900,37.1,37.1,37.1,
00:00:11.950,36.9,36.9,36.9,
00:00:12.000,37.1,37.1,37.1,
00:00:12.050,37.0,37.0,37.0,
00:00:12.100,36.9,36.9,36.9,
00:00:12.150,37.0,37.0,37.0,
00:00:12.200,37.1,37.1,37.1,
00:00:12.250,36.7,36.7,36.7,
00:00:12.300,36.7,36.7,36.7,
00:00:12.350,36.7,36.7,36.7,
00:00:12.400,36.5,36.5,36.5,
00:00:12.450,36.5,36.5,36.5,
00:00:12.500,36.7,36.7,36.7,
00:00:12.550,36.5,36.5,36.5,
00:00:12.600,36.5,36.5,36.5,
00:00:12.650,36.3,36.3,36.3,
00:00:12.700,36.3,36.3,36.3,
00:00:12.750,36.2,36.2,36.2,
00:00:12.800,36.1,36.1,36.1,
00:00:12.850,36.2,36.2,36.2,
00:00:12.900,36.2,36.2,36.2,
00:00:12.950,36.3,36.3,36.3,
00:00:13.000,36.0,36.0,36.0,
00:00:13.050,35.8,35.8,35.8,
00:00:13.100,36.0,36.0,36.0,
00:00:13.150,36.0,36.0,36.0,
00:00:13.200,35.7,35.7,35.7,
00:00:13.250,36.0,36.0,36.0,
00:00:13.300,35.8,35.8,35.8,
00:00:13.350,35.9,35.9,35.9,
00:00:13.400,35.9,35.9,35.9,
00:00:13.450,35.7,35.7,35.7,
00:00:13.500,35.6,35.6,35.6,
00:00:13.550,35.6,35.6,35.6,
00:00:13.600,35.5,35.5,35.5,
00:00:13.650,35.5,35.5,35.5,
00:00:13.700,35.6,35.6,35.6,
00:00:13.750,35.4,35.4,35.4,
00:00:13.800,35.5,35.5,35.5,
00:00:13.850,35.3,35.3,35.3,
00:00:13.900,35.4,35.4,35.4,
00:00:13.950,35.2,35.2,35.2,
00:00:14.000,35.3,35.3,35.3,
00:00:14.050,35.1,35.1,35.1,
00:00:14.100,35.0,35.0,35.0,
00:00:14.150,35.3,35.3,35.3,
00:00:14.200,35.3,35.3,35.3,
00:00:14.250,35.2,35.2,35.2,
00:00:14.300,34.8,34.8,34.8,
00:00:14.350,35.0,35.0,35.0,
00:00:14.400,35.0,35.0,35.0,
00:00:14.450,34.8,34.8,34.8,
00:00:14.500,35.1,35.1,35.1,
00:00:14.550,34.8,34.9,34.9,
00:00:14.600,34.7,34.7,34.7,
00:00:14.650,34.9,34.9,34.9,
00:00:14.700,34.8,34.8,34.8,
00:00:14.750,34.7,34.7,34.7,
00:00:14.800,34.7,34.7,34.7,
00:00:14.850,34.8,34.8,34.8,
00:00:14.900,34.9,34.9,34.9,
00:00:14.950,34.6,34.6,34.6,
00:00:15.000,34.6,34.6,34.6,
00:00:15.050,34.6,34.6,34.6,
00:00:15.100,34.5,34.5,34.5,
00:00:15.150,34.4,34.4,34.4,
00:00:15.200,34.6,34.6,34.6,
00:00:15.250,34.7,34.7,34.7,
00:00:15.300,34.5,34.5,34.5,
00:00:15.350,34.4,34.4,34.4,
00:00:15.400,34.6,34.6,34.6,
00:00:15.450,34.5,34.5,34.5,
00:00:15.500,34.4,34.4,34.4,
00:00:15.550,34.4,34.4,34.4,
00:00:15.600,34.1,34.2,34.2,
00:00:15.650,34.1,34.1,34.1,
00:00:15.700,34.1,34.2,34.2,
00:00:15.750,34.3,34.3,34.3,
00:00:15.800,34.2,34.2,34.2,
00:00:15.850,34.3,34.3,34.3,
00:00:15.900,34.2,34.2,34.2,
00:00:15.950,34.2,34.2,34.2,
00:00:16.000,34.1,34.1,34.1,
00:00:16.050,34.3,34.3,34.3,
00:00:16.100,33.9,34.0,34.0,
00:00:16.150,34.0,34.0,34.0,
00:00:16.200,34.0,34.0,34.0,
00:00:16.250,33.9,33.9,33.9,
00:00:16.300,33.9,33.9,33.9,
00:00:16.350,33.9,33.9,33.9,
00:00:16.400,33.7,33.8,33.8,
00:00:16.450,33.7,33.8,33.8,
00:00:16.500,34.0,34.0,34.0,
00:00:16.550,33.7,33.7,33.7,
00:00:16.600,33.9,33.9,33.9,
00:00:16.650,33.7,33.7,33.7,
00:00:16.700,33.7,33.7,33.7,
00:00:16.750,33.6,33.6,33.6,
00:00:16.800,33.7,33.7,33.7,
00:00:16.850,33.5,33.5,33.5,
00:00:16.900,33.5,33.7,33.7,
00:00:16.950,33.5,33.7,33.7,
00:00:17.000,33.2,33.6,33.6,
00:00:17.050,33.4,33.4,33.4,
00:00:17.100,33.4,33.4,33.4,
00:00:17.150,33.2,33.5,33.5,
00:00:17.200,33.2,33.5,33.5,
00:00:17.250,33.3,33.5,33.5,
00:00:17.300,33.2,33.2,33.2,
00:00:17.350,33.2,33.2,33.2,
00:00:17.400,33.4,33.4,33.4,
00:00:17.450,33.4,33.4,33.4,
00:00:17.500,33.1,33.2,33.2,
00:00:17.550,33.1,33.1,33.1,
00:00:17.600,33.0,33.1,33.1,
00:00:17.650,33.1,33.1,33.1,
00:00:17.700,33.1,33.1,33.1,
00:00:17.750,33.1,33.1,33.1,
00:00:17.800,33.1,33.1,33.1,
00:00:17.850,33.0,33.0,33.0,
00:00:17.900,32.8,32.9,32.9,
00:00:17.950,32.8,32.9,32.9,
00:00:18.000,32.8,32.8,32.8,
00:00:18.050,33.0,33.0,33.0,
00:00:18.100,32.9,32.9,32.9,
00:00:18.150,32.8,32.8,32.8,
00:00:18.200,32.8,32.8,32.8,
00:00:18.250,32.8,33.0,33.0,
00:00:18.300,32.7,32.7,32.7,
00:00:18.350,32.6,32.6,32.6,
00:00:18.400,32.6,32.7,32.7,
00:00:18.450,32.6,32.7,32.7,
00:00:18.500,32.6,32.6,32.6,
00:00:18.550,32.6,32.6,32.6,
00:00:18.600,32.5,32.6,32.6,
00:00:18.650,32.4,32.6,32.6,
00:00:18.700,32.4,32.6,32.6,
00:00:18.750,32.4,32.4,32.4,
00:00:18.800,32.5,32.5,32.5,
00:00:18.850,32.7,32.7,32.7,
00:00:18.900,32.3,32.3,32.3,
00:00:18.950,32.3,32.3,32.3,
00:00:19.000,32.4,32.4,32.4,
00:00:19.050,32.2,32.3,32.3,
00:00:19.100,32.1,32.5,32.5,
00:00:19.150,32.2,32.2,32.2,
00:00:19.200,32.1,32.1,32.1,
00:00:19.250,32.3,32.3,32.3,
00:00:19.300,32.3,32.3,32.3,
00:00:19.350,32.0,32.0,32.0,
00:00:19.400,32.1,32.1,32.1,
00:00:19.450,32.1,32.1,32.1,
00:00:19.500,32.2,32.2,32.2,
00:00:19.550,31.9,32.1,32.1,
00:00:19.600,32.0,32.1,32.1,
00:00:19.650,31.9,32.0,32.0,
00:00:19.700,31.9,31.9,31.9,
00:00:19.750,31.9,32.0,32.0,
00:00:19.800,31.9,31.9,31.9,
00:00:19.850,31.7,31.8,31.8,
00:00:19.900,31.8,31.8,31.8,
00:00:19.950,31.9,31.9,31.9,
00:00:20.000,31.9,31.9,31.9,
00:00:20.050,31.7,31.7,31.7,
00:00:20.100,31.6,31.6,31.6,
00:00:20.150,31.6,31.7,31.7,
00:00:20.200,31.6,31.7,31.7,
00:00:20.250,31.6,31.6,31.6,
00:00:20.300,31.6,31.7,31.7,
---------------------------------
End of File
